"mtry","trees","min_n",".config"
52,1790,20,"Preprocessor1_Model01"
