"model",".row","actor_guest",".pred_class",".pred_Ashley",".pred_Guests",".pred_Laura",".pred_Liam",".pred_Marisha",".pred_Matt",".pred_Orion",".pred_Sam",".pred_Taliesin",".pred_Travis"
"lasso",1,"Matt","Marisha",0.122300065198648,0.0639854254447191,0.108794740191359,0.104850139959204,0.127855790067586,0.0448575109286652,0.111871825461598,0.108255598364306,0.0990322809746825,0.108196623409232
"lasso",2,"Matt","Marisha",0.122716528135308,0.0636334143651882,0.10853962026254,0.0950515621322494,0.127152400907115,0.0554180126310967,0.10786404875809,0.107660038206964,0.104362986903211,0.107601387698237
"lasso",3,"Matt","Ashley",0.121497009445084,0.0636818589054795,0.108622252195141,0.104452480303381,0.11814418276946,0.0560526399911741,0.110518771189658,0.107742000507914,0.101605499344542,0.107683305348166
"lasso",4,"Travis","Marisha",0.0998686770909504,0.0653096371488423,0.110754557180009,0.104409761504647,0.129747163503786,0.0543579951590526,0.113163409643999,0.108098954595153,0.104800679742441,0.109489164431121
"lasso",6,"Taliesin","Marisha",0.122265959473694,0.0639675818784239,0.10818564636404,0.0953417910451601,0.124529829534976,0.0547018952633596,0.111840627851825,0.106784888985452,0.104215328902846,0.108166450700223
"lasso",9,"Liam","Marisha",0.124946478682813,0.058626272996753,0.11055747335888,0.0900080401169498,0.127259981096488,0.0556254915687253,0.105340185425891,0.110598107951544,0.106500111946395,0.110537856855561
"lasso",13,"Matt","Marisha",0.117842615786226,0.0632521150119442,0.106972962890827,0.103747604278302,0.123955673222748,0.053334480162125,0.110589708851848,0.107014925834037,0.105137902787792,0.108152011174151
"lasso",14,"Travis","Marisha",0.120228234429023,0.0629014769363631,0.106717599936244,0.10317247947333,0.125689842244856,0.0553657494022011,0.109976654842768,0.10642168863326,0.1031625613554,0.106363712746554
"lasso",20,"Matt","Marisha",0.120270898528902,0.0629237981066548,0.106989649897405,0.10320909118097,0.125734444446734,0.0553853964499482,0.110015681074908,0.106168901804855,0.103199169543504,0.106102968966118
"lasso",23,"Matt","Marisha",0.121386805189339,0.0635076225086179,0.108325056884471,0.104166693673969,0.126714558319547,0.0558992774764093,0.110163172787949,0.10744721360499,0.100272747116595,0.102116852438113
"lasso",28,"Laura","Marisha",0.120478751095328,0.0630325432236006,0.106964212651611,0.103319557734522,0.125182692607005,0.0554811136761053,0.110205810540457,0.106643436933778,0.102106541293475,0.106585340244118
"lasso",29,"Travis","Marisha",0.121088022995896,0.0633513044745126,0.108058424954827,0.103910297163894,0.126402662363336,0.0564510308602094,0.109126614152958,0.107182742403938,0.102563399211164,0.101865501419265
"lasso",32,"Laura","Marisha",0.120159316639397,0.0628654202582021,0.10722965144242,0.103113338463156,0.12561779372691,0.0553340123889453,0.109913613511435,0.106360685096249,0.103103426030536,0.10630274244275
"lasso",37,"Matt","Marisha",0.120159316639397,0.0628654202582021,0.10722965144242,0.103113338463156,0.12561779372691,0.0553340123889453,0.109913613511435,0.106360685096249,0.103103426030536,0.10630274244275
"lasso",41,"Matt","Marisha",0.120292176630714,0.0629349304670082,0.107348215120693,0.103227350739823,0.124650990522783,0.0553951951304181,0.110035144842879,0.106478287959626,0.10321742734704,0.106420281239016
"lasso",42,"Laura","Marisha",0.12078522725733,0.0631928866182057,0.107788211354977,0.103650456476138,0.126086576704655,0.0556222475991289,0.110486154198884,0.106914718557775,0.103862747234021,0.101610773998886
"lasso",47,"Matt","Marisha",0.120159316639397,0.0628654202582021,0.10722965144242,0.103113338463156,0.12561779372691,0.0553340123889453,0.109913613511435,0.106360685096249,0.103103426030536,0.10630274244275
"lasso",49,"Orion","Marisha",0.120357105376753,0.0629689001417766,0.107406157251201,0.103283068598027,0.125824567412926,0.0554250951676208,0.10974218380514,0.106535760539401,0.101979439197996,0.10647772250916
"lasso",50,"Marisha","Marisha",0.121009527252978,0.0633102367653658,0.103855523651982,0.106484321966843,0.126506626856693,0.0541397664088607,0.108370715852117,0.106123984093749,0.103144388980649,0.107054908170763
"lasso",53,"Orion","Marisha",0.120159316639397,0.0628654202582021,0.10722965144242,0.103113338463156,0.12561779372691,0.0553340123889453,0.109913613511435,0.106360685096249,0.103103426030536,0.10630274244275
"lasso",59,"Orion","Orion",0.0797212884497333,0.109488008310471,0.110207572253669,0.105976943374636,0.107196531102452,0.0550436329524221,0.112966071788715,0.109314473469019,0.106193999105908,0.103891479192973
"lasso",62,"Travis","Marisha",0.104419687425384,0.101195609549172,0.104187380639115,0.100187853815785,0.122642112700988,0.0537641010066353,0.106795194559461,0.103343068210106,0.100178222614186,0.103286769479167
"lasso",65,"Matt","Marisha",0.104948191383632,0.101707795340211,0.104714708812805,0.100694939008391,0.12308170798899,0.0540362196165855,0.107335721776485,0.10386612302815,0.100901176449535,0.0987134165952153
"lasso",66,"Matt","Marisha",0.104649317892218,0.10141814991139,0.104416500237577,0.100408178011442,0.12291181630083,0.0523490134534715,0.107030049029791,0.10357033107195,0.0997327355574698,0.103513908533861
"lasso",70,"Sam","Marisha",0.104419687425384,0.101195609549172,0.104187380639115,0.100187853815785,0.122642112700988,0.0537641010066353,0.106795194559461,0.103343068210106,0.100178222614186,0.103286769479167
"lasso",92,"Taliesin","Orion",0.0761208010406392,0.10747634093446,0.110653797062183,0.106406038583769,0.104689241681272,0.058649722239365,0.11174764227419,0.109757082166352,0.104802044777489,0.10969728924028
"lasso",94,"Travis","Marisha",0.104912427938206,0.103995557812337,0.100672825937696,0.103221063584296,0.123220842047874,0.0516307539195029,0.105049648108104,0.102871768422121,0.100650948304154,0.103774163925709
"lasso",97,"Orion","Marisha",0.0959825958957708,0.102615227049337,0.10564896804899,0.0996918901771276,0.12436259138799,0.0529669088425513,0.108293365555274,0.104792811225691,0.100909919106421,0.104735722710847
"lasso",104,"Matt","Marisha",0.106949847168001,0.103837738435345,0.102816131821348,0.102602840579044,0.125844191032964,0.041385369747589,0.107286135727962,0.10366347678075,0.0996307719842656,0.105983496722732
"lasso",106,"Matt","Marisha",0.104511896334336,0.101284971402068,0.10339632383467,0.100276325759326,0.122750413115234,0.0538115779644465,0.106889501185102,0.103434326399077,0.100266686052793,0.103377977952948
"lasso",110,"Matt","Marisha",0.104341533385068,0.102535741578512,0.103906918936251,0.100112867136937,0.122550319890102,0.0537238606858561,0.106715262545231,0.103265719977043,0.0996383124815038,0.103209463383496
"lasso",112,"Matt","Marisha",0.104419687425384,0.101195609549172,0.104187380639115,0.100187853815785,0.122642112700988,0.0537641010066353,0.106795194559461,0.103343068210106,0.100178222614186,0.103286769479167
"lasso",113,"Laura","Marisha",0.104419687425384,0.101195609549172,0.104187380639115,0.100187853815785,0.122642112700988,0.0537641010066353,0.106795194559461,0.103343068210106,0.100178222614186,0.103286769479167
"lasso",120,"Sam","Marisha",0.104649317892218,0.10141814991139,0.104416500237577,0.100408178011442,0.12291181630083,0.0523490134534715,0.107030049029791,0.10357033107195,0.0997327355574698,0.103513908533861
"lasso",125,"Matt","Marisha",0.104577865181845,0.101348903385582,0.103461588522799,0.100339621076652,0.122827894278322,0.0532143353354485,0.106956970798144,0.103499615074766,0.100329975285449,0.103443231060992
"lasso",132,"Travis","Marisha",0.104419687425384,0.101195609549172,0.104187380639115,0.100187853815785,0.122642112700988,0.0537641010066353,0.106795194559461,0.103343068210106,0.100178222614186,0.103286769479167
"lasso",135,"Liam","Marisha",0.104835859111565,0.097613364208826,0.104602626450977,0.100587159244535,0.123130911088513,0.05397838144669,0.107220833989071,0.103754948958004,0.100577489657134,0.103698425844687
"lasso",140,"Matt","Marisha",0.105362437317314,0.102109250954528,0.105128033156469,0.0920639279116956,0.123749383191311,0.0542495085161139,0.107759391643478,0.104276097879021,0.101082678573324,0.104219290856745
"lasso",144,"Matt","Marisha",0.104419687425384,0.101195609549172,0.104187380639115,0.100187853815785,0.122642112700988,0.0537641010066353,0.106795194559461,0.103343068210106,0.100178222614186,0.103286769479167
"lasso",153,"Travis","Marisha",0.104419687425384,0.101195609549172,0.104187380639115,0.100187853815785,0.122642112700988,0.0537641010066353,0.106795194559461,0.103343068210106,0.100178222614186,0.103286769479167
"lasso",155,"Travis","Marisha",0.104485539881389,0.101259428734902,0.104253086590444,0.100251037458624,0.122719457160927,0.0531673557046264,0.106862545133138,0.103408241694345,0.10024140018309,0.103351907458514
"lasso",156,"Travis","Orion",0.0755088976215401,0.1072874845218,0.110459357253582,0.106219062896305,0.104122973482924,0.0578457723517953,0.113278851711184,0.10956421805671,0.106208851905956,0.109504530198203
"lasso",157,"Laura","Marisha",0.0923469773686756,0.100817701815027,0.103798300350759,0.099813709473031,0.124524311533832,0.0692182542392138,0.10639637557736,0.102957140945862,0.0998041142384623,0.100323114457779
"lasso",158,"Matt","Marisha",0.104426404802064,0.103513782219625,0.10419408307137,0.10019429895625,0.122650002336439,0.0513915664234694,0.106802064753838,0.103349716327271,0.10018466713507,0.103293413974603
"lasso",164,"Travis","Marisha",0.104419687425384,0.101195609549172,0.104187380639115,0.100187853815785,0.122642112700988,0.0537641010066353,0.106795194559461,0.103343068210106,0.100178222614186,0.103286769479167
"lasso",171,"Travis","Marisha",0.104499883824059,0.101273329791854,0.104291040468914,0.100198951147363,0.12198689082815,0.0538053929065157,0.106877215394905,0.103422437743791,0.100278762120143,0.103366095774305
"lasso",172,"Liam","Marisha",0.0976719606987106,0.103145412271035,0.105295546827974,0.102118239441583,0.125005139379958,0.0548000094906917,0.108852888188281,0.0957255170703918,0.102108422669255,0.10527686396212
"lasso",173,"Travis","Marisha",0.104419687425384,0.101195609549172,0.104187380639115,0.100187853815785,0.122642112700988,0.0537641010066353,0.106795194559461,0.103343068210106,0.100178222614186,0.103286769479167
"lasso",174,"Liam","Orion",0.0798922034562723,0.106338927936852,0.109482757315957,0.105279952505132,0.107190814223281,0.0571904936499359,0.112223114706794,0.108595532277789,0.105269831792807,0.108536372135181
"lasso",188,"Sam","Marisha",0.104419687425384,0.101195609549172,0.104187380639115,0.100187853815785,0.122642112700988,0.0537641010066353,0.106795194559461,0.103343068210106,0.100178222614186,0.103286769479167
"lasso",201,"Matt","Marisha",0.104511896334336,0.101284971402068,0.10339632383467,0.100276325759326,0.122750413115234,0.0538115779644465,0.106889501185102,0.103434326399077,0.100266686052793,0.103377977952948
"lasso",210,"Travis","Marisha",0.104426404802064,0.103513782219625,0.10419408307137,0.10019429895625,0.122650002336439,0.0513915664234694,0.106802064753838,0.103349716327271,0.10018466713507,0.103293413974603
"lasso",211,"Laura","Marisha",0.104668364620904,0.101436608550433,0.104435504592219,0.100426452830265,0.122934186900701,0.0545583733531322,0.105467880160837,0.103589181419334,0.0989125969394684,0.103570850632707
"lasso",217,"Sam","Marisha",0.104419687425384,0.101195609549172,0.104187380639115,0.100187853815785,0.122642112700988,0.0537641010066353,0.106795194559461,0.103343068210106,0.100178222614186,0.103286769479167
"lasso",218,"Matt","Marisha",0.104569493620809,0.101340790306115,0.104336853554517,0.100331588791228,0.122818061784494,0.0538412339268805,0.10551375408653,0.103491329828712,0.10032194377218,0.103434950328534
"lasso",224,"Laura","Marisha",0.104419687425384,0.101195609549172,0.104187380639115,0.100187853815785,0.122642112700988,0.0537641010066353,0.106795194559461,0.103343068210106,0.100178222614186,0.103286769479167
"lasso",226,"Matt","Marisha",0.103511747080487,0.10031570290607,0.103281460226559,0.099316709716517,0.123074434079363,0.0621569824268032,0.105866598926085,0.102444489184379,0.0993071622592453,0.100724713194491
"lasso",228,"Matt","Marisha",0.10136751832804,0.101540487733648,0.104542454884334,0.100529297533397,0.123060081319953,0.0539473309474177,0.10715915632593,0.103695265008972,0.100519633508325,0.103638774409984
"lasso",234,"Taliesin","Marisha",0.104419687425384,0.101195609549172,0.104187380639115,0.100187853815785,0.122642112700988,0.0537641010066353,0.106795194559461,0.103343068210106,0.100178222614186,0.103286769479167
"lasso",239,"Travis","Marisha",0.104885444231302,0.101646985578335,0.104652101256653,0.100634734820081,0.123189149376647,0.0540039120669371,0.107271547150929,0.103804022830351,0.0961646297059562,0.10374747298281
"lasso",243,"Matt","Marisha",0.106758059941681,0.103651531980925,0.106740107575263,0.102551923696513,0.124851509690802,0.0519625567857078,0.109387013661994,0.0888283330250206,0.0994755212430523,0.105793442399042
"lasso",248,"Matt","Marisha",0.104419687425384,0.101195609549172,0.104187380639115,0.100187853815785,0.122642112700988,0.0537641010066353,0.106795194559461,0.103343068210106,0.100178222614186,0.103286769479167
"lasso",251,"Matt","Marisha",0.105362437317314,0.102109250954528,0.105128033156469,0.0920639279116956,0.123749383191311,0.0542495085161139,0.107759391643478,0.104276097879021,0.101082678573324,0.104219290856745
"lasso",254,"Laura","Marisha",0.104386832818053,0.101163769365607,0.104154599124784,0.100156330712454,0.122657630134118,0.0540686253476637,0.106761592522636,0.103310552350212,0.100146702541216,0.103193365083258
"lasso",256,"Travis","Marisha",0.104784117350219,0.101548787281177,0.103665639130824,0.100537514429944,0.124336648501867,0.0632018314144931,0.10716791512285,0.103703740680103,0.100743429443342,0.090310376645181
"lasso",261,"Travis","Marisha",0.104948191383632,0.101707795340211,0.104714708812805,0.100694939008391,0.12308170798899,0.0540362196165855,0.107335721776485,0.10386612302815,0.100901176449535,0.0987134165952153
"lasso",265,"Matt","Marisha",0.104549085301169,0.103825458820832,0.104507808036115,0.100495980702287,0.123019297468416,0.0515463047434311,0.107123642265842,0.10366089893146,0.10048631988001,0.100785203850438
"lasso",266,"Taliesin","Marisha",0.104007571914765,0.100796218578656,0.103776181978874,0.0997924401773115,0.122814894561422,0.0575769493789121,0.106373703581823,0.10293520181657,0.0997828469873906,0.102143991024275
"lasso",271,"Matt","Marisha",0.101128169085332,0.0980057206213597,0.1009031850757,0.0970297313733983,0.123047626560381,0.0839363268366651,0.103428795461848,0.100085487070784,0.0970204037666239,0.0954145541479073
"lasso",275,"Matt","Marisha",0.105171743216199,0.101924444752982,0.104937763300387,0.100909430919578,0.123525410796669,0.0541513230381977,0.10756435932599,0.104087369929487,0.100899730351741,0.0968284243687693
"lasso",278,"Laura","Marisha",0.104948191383632,0.101707795340211,0.104714708812805,0.100694939008391,0.12308170798899,0.0540362196165855,0.107335721776485,0.10386612302815,0.100901176449535,0.0987134165952153
"lasso",283,"Travis","Marisha",0.104419687425384,0.101195609549172,0.104187380639115,0.100187853815785,0.122642112700988,0.0537641010066353,0.106795194559461,0.103343068210106,0.100178222614186,0.103286769479167
"lasso",284,"Sam","Marisha",0.10490564788979,0.101666565425644,0.100666319876904,0.103214392841636,0.123212878803754,0.0540143146218812,0.105042859191727,0.102865120252937,0.100644443657222,0.103767457438504
"lasso",288,"Taliesin","Marisha",0.104419687425384,0.101195609549172,0.104187380639115,0.100187853815785,0.122642112700988,0.0537641010066353,0.106795194559461,0.103343068210106,0.100178222614186,0.103286769479167
"lasso",292,"Matt","Marisha",0.103271931142143,0.100083291560483,0.102169594179459,0.0837557297594146,0.12836299056694,0.0949689077904076,0.104204474644264,0.102207145868332,0.0990770874998755,0.0818988469886814
"lasso",296,"Sam","Marisha",0.103765617681566,0.100561734960526,0.103534766031239,0.0995602916625675,0.122895685727889,0.0598090385023684,0.106126244984254,0.102695742252557,0.0995507207894151,0.101500157407618
"lasso",303,"Taliesin","Marisha",0.104419687425384,0.101195609549172,0.104187380639115,0.100187853815785,0.122642112700988,0.0537641010066353,0.106795194559461,0.103343068210106,0.100178222614186,0.103286769479167
"lasso",306,"Matt","Marisha",0.104511896334336,0.101284971402068,0.10339632383467,0.100276325759326,0.122750413115234,0.0538115779644465,0.106889501185102,0.103434326399077,0.100266686052793,0.103377977952948
"lasso",310,"Matt","Marisha",0.107942243302575,0.104609402464593,0.103580203841295,0.106202033241755,0.126779394716839,0.0462435986294404,0.108083426318317,0.10584265062026,0.0839459400367814,0.106771106828144
"lasso",314,"Orion","Marisha",0.104419687425384,0.101195609549172,0.104187380639115,0.100187853815785,0.122642112700988,0.0537641010066353,0.106795194559461,0.103343068210106,0.100178222614186,0.103286769479167
"lasso",318,"Liam","Marisha",0.101439747362169,0.101612840016459,0.104616946207258,0.100600929296533,0.12273913949801,0.0539857709099663,0.106931593835317,0.103769152670018,0.100591258385397,0.103712621818872
"lasso",319,"Liam","Marisha",0.104499883824059,0.101273329791854,0.104291040468914,0.100198951147363,0.12198689082815,0.0538053929065157,0.106877215394905,0.103422437743791,0.100278762120143,0.103366095774305
"lasso",322,"Laura","Marisha",0.104419687425384,0.101195609549172,0.104187380639115,0.100187853815785,0.122642112700988,0.0537641010066353,0.106795194559461,0.103343068210106,0.100178222614186,0.103286769479167
"lasso",325,"Sam","Marisha",0.104419687425384,0.101195609549172,0.104187380639115,0.100187853815785,0.122642112700988,0.0537641010066353,0.106795194559461,0.103343068210106,0.100178222614186,0.103286769479167
"lasso",333,"Travis","Marisha",0.0932396873322606,0.0996827768234041,0.102629822166519,0.0951909816552406,0.125045646190098,0.0860803990810888,0.105198650341742,0.10179813186093,0.0988922178442048,0.092241686704512
"lasso",341,"Matt","Marisha",0.103623788288994,0.101830418172743,0.103192163468364,0.0994242102127929,0.122823547304774,0.0603607217208058,0.105981189028356,0.102555375191975,0.098952919926453,0.101255666684743
"lasso",357,"Laura","Marisha",0.104455389654863,0.101230209431277,0.104223003440371,0.100222109135219,0.122684045376323,0.0537824835388874,0.106489798099066,0.103378402331738,0.100212474640607,0.103322084351649
"lasso",358,"Matt","Marisha",0.104499883824059,0.101273329791854,0.104291040468914,0.100198951147363,0.12198689082815,0.0538053929065157,0.106877215394905,0.103422437743791,0.100278762120143,0.103366095774305
"lasso",370,"Matt","Marisha",0.10717779838013,0.103868560657833,0.106939355510639,0.102834186360491,0.125881545444889,0.0459161023398855,0.109616051461941,0.106072741661111,0.0856787023110517,0.106014955872028
"lasso",371,"Matt","Marisha",0.104511896334336,0.101284971402068,0.10339632383467,0.100276325759326,0.122750413115234,0.0538115779644465,0.106889501185102,0.103434326399077,0.100266686052793,0.103377977952948
"lasso",372,"Matt","Marisha",0.10459845219871,0.101368854754637,0.104365747707075,0.0986473903427117,0.122852073964211,0.0538561442560119,0.106978026161609,0.103519989829189,0.100349726070089,0.103463594715756
"lasso",379,"Matt","Marisha",0.104585410014526,0.101356215262881,0.104022575062848,0.100346860138676,0.122836755770276,0.0538494290347245,0.106964687272825,0.103507082116448,0.0990802912919787,0.103450694034816
"lasso",383,"Sam","Marisha",0.104419687425384,0.101195609549172,0.104187380639115,0.100187853815785,0.122642112700988,0.0537641010066353,0.106795194559461,0.103343068210106,0.100178222614186,0.103286769479167
"lasso",384,"Matt","Marisha",0.10531622155869,0.101158491597978,0.104149165323977,0.100151105503436,0.122597128299255,0.0531763400819115,0.106756022713597,0.103305162583774,0.100141477834504,0.103248884502877
"lasso",385,"Matt","Marisha",0.10452500883303,0.101297679037293,0.10429246773388,0.100288906845659,0.122765813894362,0.0528096938512066,0.106902911988024,0.103447303701349,0.100279265929688,0.10339094818551
"lasso",388,"Liam","Marisha",0.103546352076409,0.100349239432966,0.103315988235318,0.0993499122701558,0.122956901250282,0.0618281987051136,0.105901991172158,0.102478737385481,0.0993403616210752,0.100932317851042
"lasso",391,"Laura","Marisha",0.104912427938206,0.103995557812337,0.100672825937696,0.103221063584296,0.123220842047874,0.0516307539195029,0.105049648108104,0.102871768422121,0.100650948304154,0.103774163925709
"lasso",396,"Taliesin","Marisha",0.104741932982177,0.101507905403987,0.103623905043778,0.100497039674627,0.123020593779297,0.0523953425522929,0.107124771076898,0.103661991253998,0.0998209994512197,0.103605518781724
"lasso",401,"Laura","Marisha",0.105305053903379,0.102053639319459,0.105070777405782,0.0925584160118014,0.123681985717783,0.0542199626733806,0.107700702779272,0.104219306116791,0.1010276260391,0.104162530033253
"lasso",402,"Matt","Marisha",0.104340534392535,0.101304353445563,0.103416109909722,0.100295514786884,0.122773902817735,0.0538218754284258,0.106909955719792,0.103454119746356,0.100285873235682,0.103397760517305
"lasso",403,"Laura","Marisha",0.10490564788979,0.101666565425644,0.100666319876904,0.103214392841636,0.123212878803754,0.0540143146218812,0.105042859191727,0.102865120252937,0.100644443657222,0.103767457438504
"lasso",409,"Matt","Marisha",0.103782404478808,0.100578003446107,0.1035515154822,0.0995763981385548,0.122890540037701,0.0596543159323782,0.106143413674581,0.102712355969522,0.0995668257170639,0.101544227123083
"lasso",415,"Sam","Marisha",0.104339016468417,0.102533268221002,0.103904412503329,0.100110452223776,0.122551522954181,0.0537472116839302,0.106712688369709,0.103263229011062,0.0996359090155053,0.103202289549088
"lasso",423,"Taliesin","Marisha",0.104419687425384,0.101195609549172,0.104187380639115,0.100187853815785,0.122642112700988,0.0537641010066353,0.106795194559461,0.103343068210106,0.100178222614186,0.103286769479167
"lasso",425,"Taliesin","Marisha",0.104763108596425,0.101528427196805,0.103971244624013,0.100517357101323,0.123045464779519,0.053940923318432,0.107146428428106,0.10368294853707,0.0977776327705158,0.10362646464779
"lasso",428,"Laura","Marisha",0.0943856524488883,0.103043378736905,0.105754122444177,0.102017222007652,0.124697964492013,0.0547458002096816,0.107889964238963,0.105230048663656,0.102226167670927,0.100009679087136
"lasso",430,"Laura","Marisha",0.10362026639649,0.100420871563452,0.103413180959613,0.0993555363948479,0.122301676383308,0.0619291182146615,0.105977587014172,0.102551889611945,0.0994346755666642,0.100995197894845
"lasso",436,"Marisha","Marisha",0.104239661335392,0.101021141971642,0.104007755060592,0.100015123672343,0.123436175024844,0.0599446368902647,0.106611072946185,0.103164898279163,0.0955725411324582,0.101986993687118
"lasso",440,"Laura","Marisha",0.104804422147009,0.102990619333652,0.104367879624705,0.100556996330941,0.123093988015432,0.0539621950341526,0.107188681845842,0.10372383612428,0.0956440515835264,0.10366732996046
"lasso",445,"Travis","Marisha",0.103739640836768,0.102833020149202,0.103508846978199,0.0995353675855721,0.122960865396661,0.0577578778805641,0.106099677176375,0.102670033242025,0.0995257991084069,0.101368871646226
"lasso",451,"Laura","Marisha",0.104248459072292,0.101214957403652,0.104207300498171,0.100207008994799,0.122665560968756,0.0537743803063716,0.106815613013313,0.10336282664285,0.100197375951785,0.103306517148009
"lasso",459,"Matt","Marisha",0.104419687425384,0.101195609549172,0.104187380639115,0.100187853815785,0.122642112700988,0.0537641010066353,0.106795194559461,0.103343068210106,0.100178222614186,0.103286769479167
"lasso",461,"Travis","Marisha",0.104455309443707,0.101230131696732,0.104222923407664,0.100222032174793,0.122683951167406,0.053782442239389,0.106831626964797,0.103378322947599,0.0998712549471576,0.103322005010756
"lasso",462,"Laura","Marisha",0.105362437317314,0.102109250954528,0.105128033156469,0.0920639279116956,0.123749383191311,0.0542495085161139,0.107759391643478,0.104276097879021,0.101082678573324,0.104219290856745
"lasso",464,"Matt","Marisha",0.104419687425384,0.101195609549172,0.104187380639115,0.100187853815785,0.122642112700988,0.0537641010066353,0.106795194559461,0.103343068210106,0.100178222614186,0.103286769479167
"lasso",468,"Laura","Marisha",0.103030137800301,0.099848963866004,0.102800922402406,0.0988546186937481,0.123060191887603,0.066570002476775,0.105374033222746,0.101967845536806,0.098845115657947,0.0996481684556639
"lasso",469,"Travis","Marisha",0.104484602435934,0.103571471241952,0.10369484358428,0.100250138005172,0.122718356120558,0.0514202073363917,0.106861586361164,0.103407313914422,0.100240500816105,0.103350980184022
"lasso",470,"Laura","Marisha",0.102024459285454,0.101438282667562,0.104437228203345,0.100428110275711,0.122936215815419,0.0516279975087565,0.107051295817296,0.103590891062682,0.101773924986311,0.104691594377463
"lasso",473,"Travis","Orion",0.0778957081401073,0.106772524392374,0.109929172720305,0.10570923099354,0.105807720215722,0.0574886119339487,0.112680703904922,0.10903833002641,0.10569906901406,0.108978928658611
"lasso",474,"Sam","Marisha",0.10490564788979,0.101666565425644,0.100666319876904,0.103214392841636,0.123212878803754,0.0540143146218812,0.105042859191727,0.102865120252937,0.100644443657222,0.103767457438504
"lasso",475,"Marisha","Marisha",0.104419687425384,0.101195609549172,0.104187380639115,0.100187853815785,0.122642112700988,0.0537641010066353,0.106795194559461,0.103343068210106,0.100178222614186,0.103286769479167
"lasso",484,"Laura","Marisha",0.104584294224416,0.101355133924073,0.100357952391236,0.102898219936494,0.12334929396092,0.0569741877300468,0.104721085211949,0.102550017261845,0.100336143184183,0.102873672174836
"lasso",486,"Laura","Marisha",0.095924052702525,0.102941649784245,0.105985041223336,0.101916506122019,0.117586450482493,0.0549066885362057,0.108637850653376,0.105126160934332,0.101906708742603,0.105068890818865
"lasso",488,"Taliesin","Marisha",0.104948191383632,0.101707795340211,0.104714708812805,0.100694939008391,0.12308170798899,0.0540362196165855,0.107335721776485,0.10386612302815,0.100901176449535,0.0987134165952153
"lasso",491,"Matt","Marisha",0.105171743216199,0.101924444752982,0.104937763300387,0.100909430919578,0.123525410796669,0.0541513230381977,0.10756435932599,0.104087369929487,0.100899730351741,0.0968284243687693
"lasso",493,"Travis","Marisha",0.104419687425384,0.101195609549172,0.104187380639115,0.100187853815785,0.122642112700988,0.0537641010066353,0.106795194559461,0.103343068210106,0.100178222614186,0.103286769479167
"lasso",496,"Travis","Marisha",0.104419687425384,0.101195609549172,0.104187380639115,0.100187853815785,0.122642112700988,0.0537641010066353,0.106795194559461,0.103343068210106,0.100178222614186,0.103286769479167
"lasso",505,"Marisha","Marisha",0.104341533385068,0.102535741578512,0.103906918936251,0.100112867136937,0.122550319890102,0.0537238606858561,0.106715262545231,0.103265719977043,0.0996383124815038,0.103209463383496
"lasso",512,"Sam","Marisha",0.104145799823114,0.100930178541446,0.0999371779281482,0.10246679480062,0.123492563265599,0.0609996194183932,0.104282017282063,0.10212005204808,0.0999154601613571,0.101710336731179
"lasso",514,"Orion","Marisha",0.105039114630856,0.101795911227664,0.104829193621203,0.100715988672098,0.122616356499812,0.0540830346068247,0.102268604341115,0.103956108811209,0.100796211478208,0.103899476111011
"lasso",518,"Travis","Marisha",0.103743168585933,0.100539979006524,0.103512366879034,0.0995387523650738,0.122902462962265,0.060015918652034,0.106103285180456,0.10267352461833,0.0995291835625249,0.101441358187826
"lasso",526,"Matt","Marisha",0.105305053903379,0.102053639319459,0.105070777405782,0.0925584160118014,0.123681985717783,0.0542199626733806,0.107700702779272,0.104219306116791,0.1010276260391,0.104162530033253
"lasso",535,"Matt","Marisha",0.102699612571434,0.0995286439835058,0.102471132506651,0.0985374887144439,0.123099141677596,0.0695985127411815,0.105035988673926,0.1016407281884,0.098528016164801,0.0988607347780615
"lasso",543,"Matt","Marisha",0.101538178963993,0.0984030709737244,0.10131228278847,0.0974231247152015,0.123094485234497,0.0802035371275209,0.103848132905222,0.100491269542481,0.0974137592909628,0.0962721584579268
"lasso",551,"Liam","Marisha",0.103182627926837,0.0999967456846006,0.102953073277867,0.0990009288281912,0.123225597794664,0.0665463246864965,0.105529992440144,0.10075952490437,0.0989914117273877,0.0998137727294423
"lasso",555,"Laura","Marisha",0.104419687425384,0.101195609549172,0.104187380639115,0.100187853815785,0.122642112700988,0.0537641010066353,0.106795194559461,0.103343068210106,0.100178222614186,0.103286769479167
"lasso",557,"Laura","Marisha",0.104269077993884,0.10104965035699,0.104037106274631,0.100043348157145,0.122710690712843,0.0551592519359791,0.106641158822177,0.10319401163719,0.100033730847081,0.10286197326208
"lasso",563,"Marisha","Marisha",0.104419687425384,0.101195609549172,0.104187380639115,0.100187853815785,0.122642112700988,0.0537641010066353,0.106795194559461,0.103343068210106,0.100178222614186,0.103286769479167
"lasso",564,"Orion","Marisha",0.104419687425384,0.101195609549172,0.104187380639115,0.100187853815785,0.122642112700988,0.0537641010066353,0.106795194559461,0.103343068210106,0.100178222614186,0.103286769479167
"lasso",565,"Orion","Marisha",0.104419687425384,0.101195609549172,0.104187380639115,0.100187853815785,0.122642112700988,0.0537641010066353,0.106795194559461,0.103343068210106,0.100178222614186,0.103286769479167
"lasso",567,"Laura","Marisha",0.107344186252715,0.104029811113595,0.0993621121185577,0.105613617874923,0.126076969897163,0.0552698807520378,0.107484587039969,0.105256226422999,0.0833830700350176,0.106179538493022
"lasso",586,"Matt","Marisha",0.105143435627302,0.101897011193431,0.104933306131801,0.100816016098388,0.122738134568254,0.0510829809192495,0.107535407750495,0.104059354205993,0.0977916882448113,0.104002665260275
"lasso",588,"Laura","Marisha",0.106962655414728,0.103660060478787,0.0990089517730912,0.105238237954152,0.126222915321974,0.0586990479988686,0.107102557178868,0.104882116769999,0.08308670361132,0.105136753498212
"lasso",589,"Matt","Marisha",0.103227404233487,0.100223614002166,0.103186648784378,0.0992255378792847,0.123015716366334,0.0632123299071705,0.105769414350064,0.102350446074011,0.0992159991864921,0.100572889216614
"lasso",590,"Travis","Marisha",0.104049361719588,0.100836718075219,0.103817878812193,0.0998325363599355,0.122785038597954,0.0571002884525319,0.106467848368316,0.102976560747599,0.0998229393155113,0.102310829551153
"lasso",599,"Orion","Orion",0.0769113306191786,0.108750805072956,0.107680861299006,0.101141317153701,0.105841101507769,0.0586237947527786,0.112362362753567,0.110032876537124,0.107657460719942,0.110998089583978
"lasso",600,"Marisha","Marisha",0.104419687425384,0.101195609549172,0.104187380639115,0.100187853815785,0.122642112700988,0.0537641010066353,0.106795194559461,0.103343068210106,0.100178222614186,0.103286769479167
"lasso",604,"Orion","Orion",0.0786277161756569,0.107966364832413,0.109410164161082,0.105415167153681,0.106306565493101,0.0576446267896267,0.112367246696343,0.10873500523899,0.104915478554635,0.108611664904471
"lasso",606,"Orion","Marisha",0.104419687425384,0.101195609549172,0.104187380639115,0.100187853815785,0.122642112700988,0.0537641010066353,0.106795194559461,0.103343068210106,0.100178222614186,0.103286769479167
"lasso",610,"Matt","Marisha",0.104826429362884,0.0976045841072448,0.104593217681047,0.100578111656808,0.12311983574124,0.0539735262132275,0.107262977897716,0.10374561643475,0.100568442939165,0.103727257965918
"lasso",615,"Matt","Marisha",0.101200729386596,0.101559333959227,0.104561858284213,0.100547956078978,0.123082921648024,0.0539573437373023,0.107179045393612,0.103714511167814,0.100538290260234,0.103658010083999
"lasso",617,"Matt","Marisha",0.104419687425384,0.101195609549172,0.104187380639115,0.100187853815785,0.122642112700988,0.0537641010066353,0.106795194559461,0.103343068210106,0.100178222614186,0.103286769479167
"lasso",628,"Marisha","Marisha",0.105552259024802,0.102293211698604,0.105317432559773,0.101274525502285,0.123972330949696,0.0435009032134532,0.107953531720724,0.104463962429743,0.101264789837383,0.104407053063537
"lasso",631,"Marisha","Marisha",0.104419687425384,0.101195609549172,0.104187380639115,0.100187853815785,0.122642112700988,0.0537641010066353,0.106795194559461,0.103343068210106,0.100178222614186,0.103286769479167
"lasso",635,"Sam","Marisha",0.104248459072292,0.101214957403652,0.104207300498171,0.100207008994799,0.122665560968756,0.0537743803063716,0.106815613013313,0.10336282664285,0.100197375951785,0.103306517148009
"lasso",636,"Matt","Marisha",0.104419687425384,0.101195609549172,0.104187380639115,0.100187853815785,0.122642112700988,0.0537641010066353,0.106795194559461,0.103343068210106,0.100178222614186,0.103286769479167
"lasso",639,"Marisha","Marisha",0.104419687425384,0.101195609549172,0.104187380639115,0.100187853815785,0.122642112700988,0.0537641010066353,0.106795194559461,0.103343068210106,0.100178222614186,0.103286769479167
"lasso",641,"Laura","Marisha",0.104742233173082,0.101508196326153,0.104178554264729,0.100497327699647,0.123020946356936,0.0545968773276939,0.105542312962352,0.103662288349785,0.0986454478239628,0.10360581571566
"lasso",644,"Laura","Marisha",0.105265285724802,0.102015099029108,0.104141671456544,0.100999182415763,0.123635277538903,0.054199486646086,0.107660029890155,0.10417994796803,0.100989473219986,0.0969145461106232
"lasso",645,"Matt","Marisha",0.104419687425384,0.101195609549172,0.104187380639115,0.100187853815785,0.122642112700988,0.0537641010066353,0.106795194559461,0.103343068210106,0.100178222614186,0.103286769479167
"lasso",647,"Laura","Marisha",0.106113861802252,0.104252808765361,0.104605955479534,0.100909626375192,0.123525650058101,0.051211420598893,0.107564567671807,0.104087571540581,0.100899925788565,0.0968286119197139
"lasso",656,"Travis","Marisha",0.105750776251005,0.102485599477259,0.105515508136514,0.101464997388662,0.124205491693895,0.0544494582973341,0.108156565136343,0.104660432844032,0.0887077543293203,0.104603416445635
"lasso",658,"Matt","Marisha",0.104419687425384,0.101195609549172,0.104187380639115,0.100187853815785,0.122642112700988,0.0537641010066353,0.106795194559461,0.103343068210106,0.100178222614186,0.103286769479167
"lasso",659,"Orion","Marisha",0.104341533385068,0.102535741578512,0.103906918936251,0.100112867136937,0.122550319890102,0.0537238606858561,0.106715262545231,0.103265719977043,0.0996383124815038,0.103209463383496
"lasso",660,"Laura","Marisha",0.105090545035006,0.0978505039624789,0.104856745764137,0.100831523470245,0.123430042607637,0.0547784348467685,0.105893285425188,0.104007008942163,0.0993115614335354,0.103950348512841
"lasso",664,"Travis","Marisha",0.104419687425384,0.101195609549172,0.104187380639115,0.100187853815785,0.122642112700988,0.0537641010066353,0.106795194559461,0.103343068210106,0.100178222614186,0.103286769479167
"lasso",671,"Matt","Marisha",0.103271853264824,0.100083216087716,0.103042100112564,0.099086538116433,0.123018620953227,0.0643516099248942,0.105621247619746,0.102207068793967,0.0990770127858863,0.100240732340744
"lasso",674,"Marisha","Marisha",0.104419687425384,0.101195609549172,0.104187380639115,0.100187853815785,0.122642112700988,0.0537641010066353,0.106795194559461,0.103343068210106,0.100178222614186,0.103286769479167
"lasso",678,"Travis","Marisha",0.104419687425384,0.101195609549172,0.104187380639115,0.100187853815785,0.122642112700988,0.0537641010066353,0.106795194559461,0.103343068210106,0.100178222614186,0.103286769479167
"lasso",679,"Matt","Marisha",0.104532406196577,0.101304847998738,0.104299848640208,0.100296004415054,0.121695024030346,0.0538221381790227,0.106910477638704,0.103454624794378,0.100286362816783,0.103398265290189
"lasso",683,"Laura","Marisha",0.104419687425384,0.101195609549172,0.104187380639115,0.100187853815785,0.122642112700988,0.0537641010066353,0.106795194559461,0.103343068210106,0.100178222614186,0.103286769479167
"lasso",688,"Laura","Orion",0.0636495068390838,0.108174327028783,0.111372418583551,0.107097073788705,0.102376784647211,0.0666224653026088,0.114160074264528,0.110469880131369,0.107086778393914,0.108990691020246
"lasso",690,"Marisha","Marisha",0.104419687425384,0.101195609549172,0.104187380639115,0.100187853815785,0.122642112700988,0.0537641010066353,0.106795194559461,0.103343068210106,0.100178222614186,0.103286769479167
"lasso",691,"Taliesin","Marisha",0.106022009227651,0.102748457823978,0.105810123899973,0.0870926204557154,0.123763728644996,0.0545891120112289,0.108433968557345,0.104928869272999,0.101739403468996,0.104871706637118
"lasso",693,"Sam","Marisha",0.104224962841739,0.101006897310876,0.103993089267284,0.100001020866926,0.122729563200188,0.0555675173059476,0.106596040067539,0.103150351334333,0.0999914076258455,0.102739150179322
"lasso",694,"Orion","Marisha",0.104499883824059,0.101273329791854,0.104291040468914,0.100198951147363,0.12198689082815,0.0538053929065157,0.106877215394905,0.103422437743791,0.100278762120143,0.103366095774305
"lasso",695,"Laura","Marisha",0.102272417088562,0.0905827021245173,0.102044887423193,0.0981276062521988,0.124131964991792,0.0820908386417919,0.104599074660552,0.101217937304668,0.0981181731051429,0.0968143984075827
"lasso",696,"Travis","Marisha",0.105171743216199,0.101924444752982,0.104937763300387,0.100909430919578,0.123525410796669,0.0541513230381977,0.10756435932599,0.104087369929487,0.100899730351741,0.0968284243687693
"lasso",703,"Marisha","Marisha",0.104419687425384,0.101195609549172,0.104187380639115,0.100187853815785,0.122642112700988,0.0537641010066353,0.106795194559461,0.103343068210106,0.100178222614186,0.103286769479167
"lasso",705,"Matt","Marisha",0.104419687425384,0.101195609549172,0.104187380639115,0.100187853815785,0.122642112700988,0.0537641010066353,0.106795194559461,0.103343068210106,0.100178222614186,0.103286769479167
"lasso",706,"Matt","Marisha",0.105806804845983,0.102539898124964,0.104701145152192,0.101452082833612,0.123512511969421,0.0499424413751627,0.104914315277394,0.104715883756166,0.0977560795156139,0.104658837149492
"lasso",709,"Matt","Marisha",0.10501840193148,0.101775838056689,0.103897422930402,0.0980708961128151,0.123345309710505,0.0525336413681674,0.107459412608956,0.103935609670126,0.100084479473509,0.10387898813735
"lasso",715,"Laura","Marisha",0.10476018659202,0.101525595412645,0.104527122283208,0.0972536821719257,0.123042032852051,0.0539394188230264,0.107143439949241,0.103680056659992,0.100504890909755,0.103623574346135
"lasso",723,"Orion","Marisha",0.105271859794728,0.102021470117068,0.104705330657323,0.10100549005729,0.11581429374128,0.0542028715342062,0.107666753517605,0.104186454256006,0.10099578025515,0.104129696069344
"lasso",727,"Sam","Marisha",0.104419687425384,0.101195609549172,0.104187380639115,0.100187853815785,0.122642112700988,0.0537641010066353,0.106795194559461,0.103343068210106,0.100178222614186,0.103286769479167
"lasso",729,"Taliesin","Marisha",0.101906026090877,0.098759560397737,0.101679311550675,0.0977760640419072,0.123117673102782,0.0768501568291787,0.104224348410672,0.100855323981464,0.0977666646891064,0.097064870905602
"lasso",730,"Matt","Marisha",0.104457379758354,0.101232138088035,0.104224989116397,0.100128276303806,0.12268638277555,0.053518280892806,0.106833744378295,0.103380371916267,0.100214383907293,0.103324052863197
"lasso",734,"Laura","Marisha",0.105316348307736,0.103469282273917,0.104149290668461,0.100151226036217,0.122597275846033,0.0508265340411213,0.106756151195458,0.103305286912493,0.100141598355699,0.103287006362865
"lasso",735,"Sam","Marisha",0.103039462759753,0.0998580009066138,0.102810226616236,0.0988635657390556,0.123058799576084,0.0664844799948609,0.105383570321386,0.10197707435126,0.0988540618431622,0.0996707578915886
