"model",".row","actor_guest",".pred_class",".pred_Ashley",".pred_Guests",".pred_Laura",".pred_Liam",".pred_Marisha",".pred_Matt",".pred_Orion",".pred_Sam",".pred_Taliesin",".pred_Travis"
"random_forest",1,"Matt","Matt",0.0787949130244387,0.05111292524063,0.0672348140191554,0.10068542625553,0.0810429163931534,0.242716367543215,0.103914279113652,0.109427279563901,0.0682003617238396,0.0968707171224847
"random_forest",2,"Matt","Matt",0.0650009931103214,0.0510583132860006,0.0672130373636895,0.0980646386682387,0.131688801140828,0.149375284086942,0.117043231796586,0.111381819114166,0.100562357851374,0.108611523581856
"random_forest",3,"Travis","Matt",0.0774478724916193,0.0610966084120124,0.0712577983412542,0.0936124448722067,0.108867531754075,0.157794369482262,0.0907609560743053,0.108948741842754,0.113914390749715,0.116299285979797
"random_forest",4,"Marisha","Marisha",0.0728488305776572,0.0466193132225429,0.0766764935341247,0.092414605040173,0.136988520604498,0.0979598045285312,0.134074202459185,0.11832398968543,0.0895786153058933,0.134515625041965
"random_forest",5,"Taliesin","Matt",0.0646785192118568,0.0496679154310789,0.0714395578659567,0.0985076339963697,0.138077885204756,0.142965096551356,0.119904502536428,0.111483227808963,0.0981523039967186,0.105123357396517
"random_forest",10,"Matt","Matt",0.0707064411953084,0.0571232086492381,0.0661499318664024,0.112323900782479,0.108785794405873,0.17570161882726,0.124693010638555,0.102271346935251,0.0860356758630563,0.0962090708365784
"random_forest",13,"Travis","Matt",0.0815676061069566,0.0594493517422092,0.0741493560775805,0.114372909237117,0.119426878704134,0.137432080664839,0.101889505096151,0.101560902396759,0.108315391686217,0.101836018288037
"random_forest",14,"Matt","Taliesin",0.0967016582588063,0.0683979767102608,0.0738894191635443,0.0994708603473396,0.113972198301767,0.110820913176482,0.0893139866015373,0.108378592742336,0.127947232863495,0.111107161834432
"random_forest",20,"Matt","Matt",0.113858062002677,0.0720533453284463,0.0707164971277811,0.109682309452161,0.0993575063941014,0.138677278550505,0.0954183355740386,0.109131216951405,0.101523014402263,0.0895824342166216
"random_forest",23,"Matt","Matt",0.0888712818351739,0.0743097581035562,0.070265024687426,0.117135008009688,0.0896465990455031,0.173868420367745,0.101608773261273,0.104071372816719,0.0960601645003792,0.0841635973725369
"random_forest",27,"Laura","Matt",0.118373638230753,0.0719846269137529,0.071470873548335,0.109432934597014,0.101849460553745,0.137233406131476,0.0927087336718804,0.105240124464981,0.101050234907395,0.0906559669806675
"random_forest",28,"Travis","Travis",0.0847438022047269,0.0698310077698287,0.0733816541355738,0.087486507590072,0.120899168546533,0.0902261598970591,0.0919998311772696,0.11843080581838,0.126292063744207,0.136708999116351
"random_forest",31,"Laura","Taliesin",0.0972444667807263,0.0668604350202625,0.0732029191919644,0.100036246262044,0.109018401701536,0.123330623116623,0.0920657045559247,0.114109766358772,0.123911273692459,0.100220163319689
"random_forest",37,"Marisha","Travis",0.0880799551976928,0.0682183706403862,0.0778031078020897,0.0919877669207575,0.115710360512282,0.0836765389512026,0.0944234644564151,0.11694432255551,0.127424681374759,0.135731431588907
"random_forest",41,"Laura","Travis",0.0835972698833824,0.0680355799632563,0.0825505894863499,0.0785039254700619,0.129674022334006,0.0741432343597209,0.0936693740681627,0.123100990287354,0.122428877335813,0.144296136811893
"random_forest",42,"Matt","Taliesin",0.0834826787074704,0.0648713493363523,0.0753090431121055,0.081146661540065,0.1225484070314,0.0751619892056639,0.0894791763767863,0.126459471956445,0.142146300136507,0.139394922597205
"random_forest",48,"Orion","Taliesin",0.101357544420423,0.0685191799198032,0.0754580537649312,0.102021594220319,0.110142275056204,0.114714023856688,0.0883355602307242,0.105928822535803,0.12724609444186,0.106276851553246
"random_forest",49,"Marisha","Travis",0.0974385175132122,0.0730338896146391,0.0721673153982718,0.106872525156834,0.106583294115013,0.107758504209059,0.0966133525582895,0.102720276973042,0.106189164958995,0.130623159502646
"random_forest",50,"Orion","Travis",0.0736895081896328,0.0654394784941175,0.0941859182400531,0.0917886686268582,0.122230430755473,0.0705473464382564,0.0993660328940765,0.111218328338179,0.104840165797022,0.166694122226332
"random_forest",52,"Orion","Travis",0.0832736446688114,0.0690686479656735,0.0749126839637547,0.0867138823188606,0.1200281496992,0.0848605203593245,0.0895755966282035,0.123055975396384,0.128277185219163,0.140233713780625
"random_forest",58,"Orion","Orion",0.104145489012276,0.103957388046539,0.11711798092145,0.11758225409604,0.10264756389444,0.0677376978394859,0.125841015573135,0.0809817682661181,0.0762755892163288,0.103713253134188
"random_forest",61,"Travis","Marisha",0.0936492481926887,0.0953755510813984,0.106323816556405,0.0850190445330869,0.133627533346317,0.0598390809131343,0.109975290342732,0.102315903258765,0.104257218159808,0.109617313615665
"random_forest",65,"Matt","Matt",0.0820460818911124,0.0992300312746291,0.0859180736631298,0.110959178830281,0.105089497063554,0.127367037839123,0.111394007336291,0.0971139854052018,0.099618833372022,0.0812632733246558
"random_forest",68,"Matt","Marisha",0.0972615895702872,0.111172140539043,0.0960688924404381,0.0938585755780294,0.131186972798047,0.0654783582813986,0.100634372648608,0.0984500910035909,0.103073899206595,0.102815107933963
"random_forest",69,"Sam","Marisha",0.103285393422962,0.0844840796808505,0.107889333016085,0.0897615008528073,0.135012238638959,0.0534616937977897,0.133925834158375,0.0896262621363383,0.0816996481088757,0.120854016186958
"random_forest",91,"Taliesin","Marisha",0.0957147770370261,0.102466295846465,0.0901560907876315,0.0950090942829798,0.131343765275261,0.0838525796811099,0.111386484938948,0.0963566048786021,0.106220930745428,0.0874933765265494
"random_forest",93,"Travis","Marisha",0.104915722742674,0.111166994669317,0.117701842772717,0.0963347166734509,0.133826107650524,0.0652759689053429,0.126793529504459,0.0829260167829,0.0720905891325757,0.0889685111660411
"random_forest",97,"Orion","Marisha",0.0864091132116082,0.099439126786111,0.0895694358940766,0.0928335853757287,0.126248736502371,0.0958861285349092,0.107789384395702,0.0959652365793705,0.113892184545881,0.0919670681742425
"random_forest",104,"Orion","Marisha",0.0683301324993981,0.081155682233631,0.0909777584172973,0.11057853367582,0.138754413821672,0.124261488866615,0.111404295995099,0.0979300507212418,0.097823904224861,0.0787837395443668
"random_forest",106,"Matt","Orion",0.0958818567702864,0.116352660998991,0.114629539510643,0.100585108042618,0.124844867838154,0.0727295839217408,0.135572400376649,0.0789014435094937,0.0767412017048556,0.0837613373265701
"random_forest",111,"Matt","Marisha",0.0932064616938212,0.106194108092677,0.106855011197475,0.0808110287263699,0.135358693680231,0.0609479335634088,0.111948937507158,0.0975629696488621,0.0885552600927577,0.11855959579724
"random_forest",112,"Laura","Marisha",0.0917647674807485,0.103483481149446,0.0969109440688077,0.107086750475214,0.13193576850651,0.0723963091801207,0.10838907350099,0.0975090973581249,0.0966107492882847,0.0939130589917552
"random_forest",113,"Matt","Marisha",0.102802752286644,0.0973249333367902,0.105713332621364,0.083284345744518,0.130484954360304,0.0600692928174186,0.110234445007765,0.100159350202474,0.0901959365770881,0.119730657045633
"random_forest",119,"Sam","Marisha",0.099963264785709,0.109517225804208,0.100186913666984,0.0993491264911909,0.131207081149026,0.068003274412373,0.107310143230185,0.0979109137156942,0.0825996795575015,0.10395237718713
"random_forest",125,"Matt","Marisha",0.102206005096694,0.110711875967875,0.0966844133782976,0.104701677908076,0.130989293303539,0.0740414962864304,0.104362817239433,0.096986525358425,0.0895781289050506,0.0897377665561796
"random_forest",131,"Travis","Marisha",0.0942389410954699,0.10238129095111,0.107871892702123,0.0776717425823379,0.140278306223032,0.0613232082821697,0.110252954637427,0.101147246503613,0.0882188847306946,0.116615532292023
"random_forest",135,"Liam","Marisha",0.0712753171916839,0.0829716114922382,0.0919746845468795,0.120894830632724,0.158941596467903,0.0835117130958747,0.113626522411508,0.104086226316326,0.0785065958600345,0.0942109019848294
"random_forest",142,"Matt","Matt",0.0669941638117276,0.070294303892649,0.0655835983332825,0.12227812183149,0.0935548234811228,0.237064119082642,0.103623561342289,0.0884373309776001,0.0935387900064176,0.0586311872407797
"random_forest",148,"Matt","Matt",0.053143617857686,0.0558220104989866,0.0619701575827773,0.130631469260857,0.103408111087041,0.216243712754774,0.105312834979498,0.0877095397440039,0.133554175739871,0.0522043704945073
"random_forest",150,"Travis","Marisha",0.0970746105698656,0.0906656497929887,0.108616608853845,0.0808155322272436,0.134175980313965,0.0603139948477296,0.116481240540507,0.102683223485922,0.0965945846967474,0.112578574671187
"random_forest",153,"Travis","Marisha",0.0933276004156336,0.104056404766375,0.104967507006236,0.0831911588535415,0.140504221274003,0.0653694601627768,0.109606335603189,0.0943831971212556,0.0891396162369047,0.115454498560086
"random_forest",155,"Travis","Marisha",0.103647289467985,0.0999612720162637,0.119998434378584,0.0995701796628839,0.132170805400171,0.0622134540528881,0.123130056038565,0.081418473632289,0.0693511233974108,0.108538911952959
"random_forest",158,"Matt","Marisha",0.0873558635571746,0.0980557187301345,0.0888336713770698,0.0909509591207471,0.130243786159589,0.0998355932156213,0.114111839208583,0.095488364029534,0.107975021218079,0.0871491833834679
"random_forest",164,"Travis","Marisha",0.0868499555094706,0.090582401699124,0.123131917458168,0.0796544242601456,0.142404339257999,0.0555584378466329,0.11835565842537,0.0992624279470447,0.0858896256500974,0.118310811945948
"random_forest",166,"Matt","Marisha",0.091928033399834,0.0969277590104655,0.091885436270747,0.0933332448861236,0.135954192430001,0.0772812317326499,0.115703618610789,0.0983485516131878,0.103180337895994,0.0954575941502089
"random_forest",170,"Marisha","Marisha",0.0924258543155128,0.0937741919972884,0.110370882474643,0.0822370009802936,0.132727397976814,0.0607007378828604,0.109677339420903,0.103678727891759,0.100723951477167,0.113683915582759
"random_forest",171,"Travis","Marisha",0.0868938046313289,0.10015111583449,0.0994848179538801,0.0897623664550633,0.138064696202334,0.0656535018564326,0.113327505893851,0.10098386730122,0.0995192533603658,0.106159070511035
"random_forest",172,"Liam","Marisha",0.095666714191023,0.102232336918075,0.0877706162278947,0.0978203299861066,0.132405181390913,0.0820192970368142,0.110416880346205,0.0964983923643492,0.106713845781099,0.0884564057575222
"random_forest",173,"Travis","Marisha",0.0964594402123097,0.0898124826766839,0.113101157430272,0.0784118944680164,0.139283199025057,0.0594810273755833,0.117226225438685,0.102117433170833,0.087316832930622,0.116790307271937
"random_forest",183,"Travis","Marisha",0.0953499900601088,0.0989991435560286,0.112331147960569,0.100874605064247,0.123972994988886,0.0615524449277123,0.109452658050992,0.0994891446596321,0.0914631715036987,0.106514699228126
"random_forest",188,"Sam","Orion",0.100386281252714,0.0886629805916219,0.105806798884941,0.0883101274194252,0.13754789288929,0.0653104346107539,0.140670642887991,0.0853050527142874,0.0834827085568148,0.104517080192161
"random_forest",202,"Matt","Marisha",0.083651912584175,0.0962072977649325,0.121790652043946,0.0734540212082477,0.14390205188135,0.0559915000434323,0.115947117956658,0.0991128953211692,0.077405791241669,0.132536759954421
"random_forest",210,"Travis","Marisha",0.0870818793317147,0.0915424353093621,0.122335689454823,0.0804584035236328,0.139467747716274,0.0555310044146589,0.117489278969479,0.100776747052307,0.085711518310338,0.11960529591741
"random_forest",217,"Sam","Marisha",0.0908968574683764,0.0937626570688504,0.112079855588111,0.0854237154245922,0.130498668706453,0.0609345416658938,0.109204292036058,0.0990794947190075,0.101913873857156,0.116206043465503
"random_forest",219,"Orion","Marisha",0.096606970484746,0.107109088959283,0.102067932444503,0.0875261465707611,0.125782510579714,0.0611609605692851,0.104946114620447,0.100114953980923,0.108512906424549,0.10617241536579
"random_forest",222,"Matt","Orion",0.0939242919520689,0.108723499848291,0.1168902287955,0.0835783493242509,0.124889342794096,0.0780691185482001,0.139040183722494,0.0821810298169373,0.0765804027903951,0.0961235524077669
"random_forest",227,"Travis","Marisha",0.08976534924071,0.100472822086768,0.105219778829269,0.0894710297514635,0.135104157943133,0.0624795733677685,0.110183171496402,0.0975636012834203,0.101034117583941,0.108706398417125
"random_forest",234,"Taliesin","Marisha",0.0919405606522522,0.0994857243766642,0.102529156761933,0.0925925075368203,0.132952913893114,0.0657503071898172,0.110653608957019,0.0983249779953413,0.0992253324233228,0.106544910213717
"random_forest",235,"Liam","Marisha",0.0725886280959719,0.0782862523895059,0.0910695359528001,0.108839696213464,0.166805683662666,0.0811318815792372,0.117726790299037,0.104360694387251,0.0860713763436977,0.0931194610763705
"random_forest",236,"Laura","Marisha",0.0904514466401005,0.0998024169855021,0.0975416208077609,0.0915974892114145,0.137879907126373,0.0665155112892994,0.113671673111331,0.0982274701696514,0.100861222991113,0.103451241667455
"random_forest",245,"Liam","Marisha",0.0922869550091865,0.0983700183734712,0.0856037629530126,0.0957261330034882,0.135803018676636,0.0881559093237636,0.115105872348265,0.0961633130785072,0.106880125555419,0.0859048916782516
"random_forest",247,"Laura","Marisha",0.0920179558162315,0.0932788616410419,0.106110042858725,0.0864116879132117,0.133688735202175,0.0634279226544301,0.113313725084008,0.0986255341067582,0.101663713967428,0.111461820755992
"random_forest",251,"Matt","Marisha",0.0931654461788709,0.103399654019437,0.0958592121087971,0.0867125081748048,0.14218880219625,0.0709400262137324,0.11029479900676,0.09851991587627,0.0954422247428651,0.103477411482213
"random_forest",252,"Matt","Marisha",0.0895499555907131,0.0827391207036451,0.119131165611154,0.0725539487291119,0.144914030542132,0.0501666650649474,0.143220664519964,0.0926855428234273,0.0637423288065393,0.141296577608365
"random_forest",254,"Laura","Travis",0.0963444648645152,0.090193214163318,0.11781306918669,0.0746905689827739,0.134748681324058,0.0518812483544767,0.138347297048313,0.0914704377191936,0.0654713915629092,0.139039626793752
"random_forest",256,"Travis","Marisha",0.101517639206273,0.11726329502181,0.0867953581707051,0.110529939024185,0.130442982012662,0.085864361089424,0.0968137887850692,0.0904928073697982,0.0998337912418911,0.0804460380781834
"random_forest",266,"Taliesin","Marisha",0.0965725081217353,0.104768692278836,0.0972856273257213,0.0941541953068214,0.131278188862214,0.06598541910237,0.110192448094877,0.0974346460970097,0.101415785330624,0.100912489479792
"random_forest",268,"Taliesin","Marisha",0.0851589261795413,0.0984109333365332,0.0876367496643238,0.0950315423966228,0.129434160670904,0.108640105546932,0.110523137406008,0.0950533843024401,0.10646178293745,0.0836492775592449
"random_forest",273,"Matt","Marisha",0.0947461924843317,0.106197502454706,0.0927028767239628,0.108736731327648,0.132234611905972,0.0767203354188867,0.105837852443598,0.0974961227055621,0.100030014496544,0.0852977600387886
"random_forest",276,"Laura","Marisha",0.096949549087519,0.105440967067797,0.11713761272361,0.0889216369475856,0.126749605199336,0.0643821918688881,0.106289866970288,0.0982757685442376,0.0768100848383619,0.119042716752377
"random_forest",277,"Matt","Marisha",0.102092309954789,0.112517748182005,0.0942076368266216,0.0912288124086202,0.137231547974581,0.0736374153379577,0.0980056044867821,0.0991333020358,0.096982143494536,0.0949634792983087
"random_forest",280,"Taliesin","Marisha",0.0958577823283896,0.107319679906005,0.0937168571842436,0.0898708067390951,0.140766918534044,0.0709700844431266,0.110543319494074,0.0985379413770001,0.0951449882100849,0.0972716217839369
"random_forest",283,"Travis","Marisha",0.0978614461294753,0.107294292283857,0.0922911175510461,0.0911235615379695,0.136949171521076,0.0777426795201794,0.109797609348801,0.0986608182279723,0.0970416624792724,0.0912376414003516
"random_forest",284,"Sam","Marisha",0.105473667549165,0.0991610517614039,0.101724138182396,0.0820639338336199,0.124939916332388,0.060356942767929,0.109798525669785,0.102271086821459,0.0944253758040894,0.119785361277763
"random_forest",294,"Travis","Marisha",0.101849123394077,0.112222355238204,0.0843018797004862,0.0970719536425505,0.132275782416172,0.0849888024810123,0.0962094460228289,0.0969951125706901,0.110085955647471,0.0839995888865098
"random_forest",296,"Sam","Marisha",0.093824015444529,0.0923674687348469,0.108079501326504,0.0837510290328011,0.13127034299638,0.0580823046884479,0.111860127802739,0.102808656789834,0.104172005904972,0.113784547278946
"random_forest",302,"Laura","Marisha",0.0992343692268168,0.0964761399575035,0.113208110593294,0.0975717794165706,0.122817986322058,0.0598202826354374,0.109177336602547,0.100284308089211,0.0920178878951333,0.109391799261429
"random_forest",308,"Matt","Marisha",0.0937154685478602,0.0999341671445679,0.0919662018810766,0.0951022235033658,0.132435058110568,0.0880317425547513,0.109608108140149,0.0955928230459699,0.106575319836363,0.0870388872353281
"random_forest",312,"Matt","Marisha",0.0918553315312543,0.098813430034307,0.103225203322115,0.0886191490247687,0.136300352134171,0.0675744300864724,0.108725582526578,0.0972892048633765,0.101837111557941,0.105760204919017
"random_forest",316,"Matt","Marisha",0.0889880272580669,0.0911137295809687,0.110281171793002,0.0837073616912394,0.134181637234395,0.0558730792772528,0.119995676432385,0.104516596351215,0.097359621879698,0.113983098501778
"random_forest",317,"Laura","Marisha",0.0895320133535082,0.0951042308578243,0.111176101161462,0.0861963656136621,0.131127238040259,0.0616258163988808,0.109652799260394,0.0987335768264111,0.101557460765834,0.115294397721765
"random_forest",319,"Liam","Marisha",0.0956000400629332,0.103900126254252,0.0924393058151455,0.0909827377097272,0.139644954361276,0.0777612687107449,0.109229731967434,0.0976927560198558,0.099603961533159,0.0931451175654738
"random_forest",320,"Matt","Marisha",0.0819364675511363,0.0923725800324748,0.0843918521561381,0.106490376448231,0.119767342387626,0.114906146261244,0.112756659103402,0.0951991507464716,0.109695238669435,0.0824841866438431
"random_forest",325,"Sam","Marisha",0.0947853380086906,0.104899543172515,0.0923370386962256,0.0922060810825928,0.138682775328035,0.0750248177755906,0.107385427028229,0.101232895020337,0.0999036183863166,0.0935424655014684
"random_forest",333,"Travis","Guests",0.0997795967363538,0.124756509507366,0.0909773877520963,0.103785521407584,0.121935646219079,0.0999157839418494,0.0936173732222974,0.0927759677303805,0.0934247664428819,0.0790314470401115
"random_forest",343,"Matt","Marisha",0.0918405474595369,0.101065301104152,0.0956310125805996,0.102383402516744,0.122149905862208,0.0960412724162821,0.103127020668991,0.096080015829548,0.101675016173199,0.0900065053887398
"random_forest",355,"Marisha","Marisha",0.0947176069226768,0.104555731479836,0.0923303765016723,0.0892295142390672,0.142030480729742,0.0751365066110995,0.108761202060012,0.098921524510076,0.099676609038283,0.0946404479075349
"random_forest",361,"Matt","Marisha",0.0726124942531434,0.0799216734287756,0.094399606344157,0.119340687016816,0.167534844372557,0.0795954401263616,0.10697324261138,0.105911943841978,0.0778840730450261,0.095825994959807
"random_forest",371,"Matt","Marisha",0.104934711964321,0.0853254730093417,0.103121859264191,0.0906540615776895,0.135667968842236,0.0599234868939933,0.134609739849228,0.0863374452873164,0.0823233978124111,0.117101855499273
"random_forest",372,"Matt","Marisha",0.090112320089115,0.100046899895578,0.0949172240359833,0.0906756466962194,0.138153829164318,0.0702814844740651,0.113466907830049,0.0980181222381247,0.105371601091604,0.0989559644849436
"random_forest",374,"Matt","Orion",0.0945990895579153,0.113456651968596,0.124733878821838,0.0953499458406253,0.121651197428651,0.0793103059811439,0.129368422532602,0.0803758984457383,0.0735342105199757,0.087620398902915
"random_forest",380,"Orion","Marisha",0.0917649395143978,0.0927982699745344,0.1154428169268,0.0797782291829548,0.134649962367236,0.0567873161481242,0.114403192286366,0.100618819793398,0.0914912166376228,0.122265237168567
"random_forest",383,"Sam","Marisha",0.0900452496551493,0.104119096049137,0.0946046936658743,0.103018906212431,0.125697258795164,0.0938038818424066,0.107157585675693,0.0963963571327913,0.0984027045090519,0.0867542664623015
"random_forest",385,"Matt","Matt",0.0780198979472112,0.101612394493044,0.0790656494222543,0.128597026216474,0.0970034034242546,0.137437441971754,0.106463196606914,0.0968820088710564,0.102401650532058,0.0725173305149805
"random_forest",386,"Marisha","Marisha",0.0932845084609407,0.105128993504709,0.099403696920748,0.105677860842391,0.127865699537252,0.0693312804259058,0.108195665373444,0.0984871655134521,0.092667307832295,0.0999578215888628
"random_forest",389,"Laura","Marisha",0.0959017415399097,0.114170830540574,0.107485541712697,0.0803034261761851,0.13068346629692,0.0665046069724541,0.106588100798943,0.0966162871794792,0.0896312239261386,0.1121147748567
"random_forest",390,"Matt","Marisha",0.0939825866773051,0.102991168379342,0.0947570398130134,0.109698567207649,0.133621587538687,0.0750225926223063,0.10591683116709,0.0983743033461561,0.0972831750316282,0.0883521482168233
"random_forest",397,"Laura","Marisha",0.0977979681338289,0.10405200990968,0.106902634801487,0.0806586793028069,0.134006346864256,0.0617968932950486,0.110582864794983,0.100185136215287,0.0899419648619452,0.114075501820677
"random_forest",398,"Matt","Marisha",0.0976956293287695,0.0900055319436243,0.108201023835714,0.0874532266282856,0.136826367487327,0.0578389162411217,0.136454070477032,0.0903699303771778,0.072102397885766,0.123052905795183
"random_forest",401,"Laura","Marisha",0.0964979327175097,0.115847177786101,0.0925020005020551,0.116193748620174,0.12321778008197,0.0924414440678438,0.119674477074186,0.0886161722139298,0.0753935061538234,0.0796157607824089
"random_forest",404,"Matt","Matt",0.0747941846012819,0.0802373036181812,0.0819719537758648,0.11650982600288,0.0928653487980426,0.180103652752338,0.131798554185517,0.0869328603954529,0.0698955329133807,0.084890782957062
"random_forest",411,"Marisha","Marisha",0.096108641772507,0.0951940833434707,0.107001181402734,0.0857317826836539,0.125759038760543,0.0591722968999281,0.110746112010189,0.103384983321969,0.104103583647537,0.112798296157468
"random_forest",415,"Sam","Marisha",0.0994804052797981,0.111616820775051,0.100781328944775,0.10154025202171,0.129644070464059,0.0723535037170182,0.107686976159109,0.0961848768185148,0.0776824091877821,0.103029356632183
"random_forest",420,"Laura","Laura",0.0749269209519607,0.0848888741032842,0.157898172809831,0.0835896117035129,0.120483451170591,0.057183040442941,0.118212475349936,0.103965047367862,0.0882379308282675,0.110614475271814
"random_forest",425,"Taliesin","Marisha",0.0719692068626597,0.08548141556292,0.0974174293333096,0.109766751799638,0.141169051361048,0.111338427549049,0.111279561918387,0.0975934972212733,0.0954832285699898,0.0785014298217264
"random_forest",426,"Marisha","Marisha",0.0868499555094706,0.090582401699124,0.123131917458168,0.0796544242601456,0.142404339257999,0.0555584378466329,0.11835565842537,0.0992624279470447,0.0858896256500974,0.118310811945948
"random_forest",429,"Travis","Marisha",0.0840477386896277,0.095644981291485,0.126177498592459,0.0730709343911109,0.138923821097445,0.0551987565414071,0.123177215455542,0.0962530553681642,0.077519740517867,0.129986258054891
"random_forest",434,"Laura","Marisha",0.0962198031527882,0.10601802964597,0.0925739515408091,0.106418138639866,0.131882512140452,0.0767381558652318,0.106379305154593,0.0966123964448176,0.0999333701216709,0.087224337293802
"random_forest",438,"Travis","Marisha",0.0916857146354921,0.0923220250501185,0.116499381909883,0.0797130306114615,0.135770151257979,0.0565526733947542,0.11505939183745,0.0996972442139469,0.0904869616903076,0.122213425398607
"random_forest",441,"Travis","Liam",0.0832468542434953,0.102685953085458,0.0879465636237536,0.121925768641209,0.11600128003177,0.108525127315881,0.105407295251092,0.0992458603053089,0.0935079819928461,0.0815073155091866
"random_forest",445,"Travis","Marisha",0.0929756049538444,0.0952407606275055,0.107570682544496,0.0828325172794636,0.136774534397541,0.059727965182149,0.112568876167056,0.100923250972427,0.099388219189561,0.111997588685957
"random_forest",451,"Laura","Marisha",0.0937468527612925,0.105985394698553,0.0927208156827243,0.109902557748664,0.130044292849359,0.0824647344439112,0.103876866218278,0.0965888112671378,0.0995522839045842,0.0851173904254961
"random_forest",460,"Matt","Marisha",0.0935511789053265,0.109578490619942,0.0903071990708164,0.110218584169039,0.132176559402449,0.0833786914862764,0.106532170289884,0.0942756440099243,0.0974984638583398,0.0824830181880029
"random_forest",462,"Laura","Marisha",0.0898985070392051,0.0997115520024444,0.0935536781671904,0.0901654940127813,0.13987010436289,0.0707616831049464,0.112940450228717,0.0963646527805605,0.106635397507916,0.10009848079335
"random_forest",463,"Travis","Marisha",0.0948974535290713,0.103815503690187,0.0892914241670449,0.108162971196425,0.129981913349714,0.0877182341382609,0.108827234619363,0.0943512420936814,0.0984092605833461,0.0845447626329072
"random_forest",466,"Liam","Marisha",0.0872920031755293,0.0917684854056427,0.120297627790619,0.0794345858859066,0.139616708156868,0.0552218397300461,0.115736720406227,0.102004309613324,0.0867705985213062,0.121857121314531
"random_forest",468,"Laura","Marisha",0.101524043475803,0.0951086853828637,0.116594759202629,0.10479713740314,0.129482605699757,0.0628478167724076,0.129400006791837,0.0856794611508131,0.075081218411334,0.0994842657094156
"random_forest",471,"Travis","Matt",0.0828782272265563,0.0933978272986615,0.0965056992924815,0.1101789201337,0.103102256086514,0.132309274660479,0.126858503483757,0.0884165057557046,0.0835709179971829,0.0827818680649633
"random_forest",474,"Sam","Marisha",0.0985746059672769,0.0947856233859717,0.121450966980573,0.0897253980578507,0.125854734985886,0.0585803756117747,0.109823653734695,0.102647167757165,0.0813634063257007,0.117194067193106
"random_forest",475,"Marisha","Marisha",0.083038017914726,0.0961817356145684,0.119548020458962,0.0737511369937177,0.145142722286704,0.0571301084312189,0.115732659801015,0.0990428128173177,0.0765722630515129,0.133860522630257
"random_forest",482,"Matt","Marisha",0.0745298057705773,0.0832317449238963,0.0872606725179505,0.115622588447177,0.140049634659756,0.118348917277917,0.134536416762215,0.0893739723711282,0.0852957908657435,0.0717504564036401
"random_forest",483,"Laura","Marisha",0.0889209279705567,0.0910284262581306,0.110765509763963,0.0842477883006925,0.134624598830279,0.0564670013505102,0.11737556912999,0.104906855346141,0.097459272133074,0.114204050916663
"random_forest",484,"Laura","Marisha",0.106587595794851,0.0822189357362257,0.109467457688757,0.0806300864419506,0.138865793478902,0.0519659931249512,0.132054718417328,0.0936180929281956,0.0798564016162336,0.124734924772605
"random_forest",488,"Taliesin","Marisha",0.0868499555094706,0.090582401699124,0.123131917458168,0.0796544242601456,0.142404339257999,0.0555584378466329,0.11835565842537,0.0992624279470447,0.0858896256500974,0.118310811945948
"random_forest",492,"Matt","Matt",0.0686835842497151,0.0859147239794206,0.06468387914525,0.133546181609353,0.0915892310805249,0.195324362102651,0.0968474315628985,0.0934929759475574,0.112675415931389,0.0572422143912422
"random_forest",493,"Travis","Marisha",0.0869084876003512,0.0912908921770194,0.122496504824977,0.0800087335344201,0.14059692847099,0.055689886653576,0.117679518838297,0.100697403323385,0.0856781892398199,0.118953455337164
"random_forest",496,"Travis","Marisha",0.0776760805349729,0.0842269981385928,0.0902654770711408,0.106710176756177,0.149810431428664,0.0988201575048633,0.116325366995312,0.0987561547854284,0.0972803352295093,0.080128821555341
"random_forest",505,"Marisha","Marisha",0.0895499555907131,0.0827391207036451,0.119131165611154,0.0725539487291119,0.144914030542132,0.0501666650649474,0.143220664519964,0.0926855428234273,0.0637423288065393,0.141296577608365
"random_forest",512,"Sam","Marisha",0.103166679447357,0.104579807345104,0.114148099067125,0.0937847700723087,0.119083550228931,0.0605653861811598,0.103867093322333,0.0997720293497399,0.0833918072967108,0.117640777689232
"random_forest",514,"Orion","Marisha",0.0984847823140114,0.111176918787635,0.104639074273369,0.0956468234644565,0.13113108643444,0.0650399103122455,0.109160461581583,0.0976598174811887,0.0803508304942609,0.10671029485681
"random_forest",518,"Travis","Marisha",0.0989245862942059,0.106354939438044,0.114978874306467,0.0993138966912093,0.118712566535427,0.0634828601695116,0.101998777678496,0.0950800974569134,0.0901921095745518,0.110961291855174
"random_forest",529,"Matt","Marisha",0.0979458673156612,0.117969298304736,0.0929750020324911,0.087477232963768,0.138772623380182,0.0711708189383489,0.0982989545587925,0.0959786489524916,0.0955584955090078,0.103853058044521
"random_forest",537,"Matt","Marisha",0.0995691310547284,0.11058639466106,0.100401587571627,0.0994689888798786,0.129682971458528,0.0680497707629173,0.107260043276861,0.098212262887788,0.081740836013204,0.105028013433408
"random_forest",545,"Matt","Marisha",0.0877957931502013,0.0999767985554784,0.1003797833987,0.0905214094221205,0.137035770983375,0.0660310497540025,0.11112787685922,0.0993795726514843,0.100781110889716,0.106970834335702
"random_forest",552,"Matt","Marisha",0.0927125356133564,0.104317832343828,0.0926833555951166,0.0913662838999278,0.13404956545981,0.0726165858732543,0.110103495804296,0.0978747786740232,0.108161984033518,0.0961135827028713
"random_forest",553,"Laura","Marisha",0.0969353926796168,0.116531974235579,0.0928011290406526,0.117158843784985,0.123448219978256,0.0853004525474595,0.104799626112174,0.0913308540417616,0.088772488429827,0.0829210191496887
"random_forest",555,"Laura","Marisha",0.0875641850053973,0.0995231962635369,0.116985919628882,0.0746866120642729,0.138747282084251,0.0595915489040766,0.115000897323865,0.0996467854948484,0.078190753228079,0.13006282000279
"random_forest",560,"Laura","Marisha",0.0947334425422757,0.106316774656367,0.0900379792576246,0.11164712262756,0.130734071154044,0.0819601202243497,0.105539231528742,0.0948774763368407,0.0989805362011625,0.0851732454710338
"random_forest",564,"Orion","Marisha",0.0933615899167628,0.0942149155005526,0.109759572650554,0.0833271118243935,0.130687275588494,0.0602488405379361,0.108565633971913,0.103288108668395,0.104131122731035,0.112415828609963
"random_forest",565,"Orion","Marisha",0.0897513235400096,0.0842929880138219,0.119837778558689,0.0723726326865467,0.141683317347311,0.0521215550723397,0.141370711582414,0.0948797940425771,0.0633772842781394,0.140312614878151
"random_forest",568,"Orion","Marisha",0.106954449835162,0.0994625666861022,0.101250558408474,0.0877460517587679,0.132165913487353,0.061845690754229,0.124850718647027,0.0830747227029647,0.0759560252705904,0.126693302449331
"random_forest",585,"Taliesin","Marisha",0.095404577686014,0.101355152889014,0.0889237502960718,0.0981717884124585,0.134757661185492,0.078146686599298,0.109668608946905,0.101876860839708,0.104167421470071,0.0875274916749681
"random_forest",587,"Taliesin","Marisha",0.0930953644133309,0.106418814882716,0.0921440236957416,0.113130922023305,0.131806745038379,0.0782029041519171,0.10503227610305,0.0959038666249043,0.0997763876128594,0.084488695453797
"random_forest",590,"Travis","Marisha",0.100391985276616,0.108422946179585,0.093397701923142,0.0934266106362971,0.131918520202478,0.0769133604417555,0.106951507809485,0.100026071599402,0.0965794151329103,0.0919718807983306
"random_forest",592,"Orion","Marisha",0.10622071799533,0.117498526535744,0.105222146612949,0.0985951954803242,0.123286479544672,0.065308013121094,0.101670513141448,0.0951612353675362,0.0818918687585114,0.105145303442392
"random_forest",599,"Orion","Marisha",0.0817451432269908,0.111058858285174,0.114583026266022,0.0851644825471561,0.125628736861222,0.0655744721259382,0.112272564827988,0.103031399556485,0.0890458583050519,0.111895457997973
"random_forest",601,"Matt","Marisha",0.0975769033855483,0.110719423217943,0.100027750787433,0.105085951423605,0.131361610751185,0.0715856593091864,0.108298454189684,0.0944631223836157,0.0793737592579122,0.101507365293888
"random_forest",604,"Orion","Laura",0.0753790512895447,0.0852149482112232,0.149780764004362,0.0845072222783032,0.124584550990664,0.0581537607842226,0.112901531295919,0.107383383214565,0.0888625193526977,0.1132322685785
"random_forest",608,"Marisha","Marisha",0.0894383064415734,0.0957589756088647,0.106930925483003,0.0902050107028778,0.134886050098505,0.0649298430648949,0.107599042880427,0.099135887485258,0.099887732628447,0.11122822560615
"random_forest",612,"Matt","Marisha",0.0942540715103576,0.101673218393971,0.0870912403907661,0.0969481504672692,0.133782144611213,0.0830926551254812,0.111184405676077,0.0968398038546635,0.107076069726905,0.088058240243297
"random_forest",617,"Matt","Guests",0.0896445002101734,0.115266694501159,0.0987395423792086,0.108714779922455,0.111215520825947,0.0974922432091841,0.110182057366023,0.0961001641943892,0.0888566033487078,0.0837878940427535
"random_forest",620,"Matt","Marisha",0.079014443162905,0.0913340323695027,0.0925623735798471,0.098194550908191,0.187190530729529,0.0731028351020921,0.0947412422205227,0.104959527542529,0.0761922424974524,0.102708221887429
"random_forest",626,"Marisha","Marisha",0.09214834464787,0.0999836315365502,0.0932831322018128,0.0928149278446331,0.12927904895174,0.0897576439368419,0.110073363960957,0.0962585096428228,0.106281236816702,0.0901201604600697
"random_forest",632,"Matt","Marisha",0.0889707864749405,0.0998227963882753,0.0989492246547408,0.0905227931339282,0.137863312661691,0.0663808346134563,0.112680809096867,0.0982593453241862,0.101015237720915,0.105534859931001
"random_forest",635,"Sam","Marisha",0.0937537639239104,0.0955840038729725,0.10676481307481,0.0851837929437739,0.133502569672579,0.0596244418083931,0.109393111128223,0.102031029898386,0.104072675510738,0.110089798166214
"random_forest",638,"Taliesin","Marisha",0.0882975950039567,0.109971786390349,0.0928421771475391,0.109650660191251,0.115613575829019,0.0999166319966779,0.106817984679948,0.096025886835907,0.0938691837929981,0.0869945181323545
"random_forest",639,"Marisha","Marisha",0.0908010938312522,0.10469107875731,0.0939966974156836,0.0792504372402725,0.129816238456897,0.0722656182943161,0.121373849399379,0.114413572334184,0.0912450185860788,0.102146395684627
"random_forest",641,"Laura","Marisha",0.0923379475953953,0.100035061025195,0.0922120401787632,0.0943513034097672,0.127505142913696,0.0917302227956765,0.107264346299496,0.0958203351869064,0.106879308871497,0.0918642917236081
"random_forest",642,"Matt","Marisha",0.100358452505332,0.0877079478671044,0.105105353098103,0.0879837067041247,0.141312211325366,0.0616027212438884,0.137402121612868,0.0849646221198708,0.0838408571332267,0.109722006390115
"random_forest",644,"Laura","Marisha",0.0978922711633569,0.10797069242758,0.100069294654547,0.100433405966403,0.132371222421194,0.0689436909862411,0.105487792904718,0.0998701788938075,0.0851114441828956,0.101850006399257
"random_forest",646,"Marisha","Marisha",0.0955220535763213,0.0983578932375372,0.113618185329513,0.100938119378412,0.123652639174045,0.0616620039089772,0.109227838402195,0.0996052747845108,0.0913446725021623,0.106071319706326
"random_forest",656,"Travis","Marisha",0.0890731440518669,0.103478353626752,0.10255304130058,0.0895796855528952,0.134518205461961,0.0616992911645301,0.113428389462618,0.0971942381784466,0.100612614286084,0.107863036914267
"random_forest",657,"Laura","Marisha",0.10904559496093,0.108375842087022,0.114005822616729,0.0994782667414031,0.121697151513653,0.0584910831850902,0.120886898265461,0.0828468551962975,0.0651178383214517,0.120054647111962
"random_forest",659,"Orion","Orion",0.0906586843037871,0.0840436943290038,0.119661987852198,0.0727385427182208,0.142944726536514,0.0507897011701733,0.144292430485392,0.0903270012724935,0.063525491887969,0.141017739444249
"random_forest",661,"Matt","Liam",0.0772999694883685,0.104065220060628,0.0836398047660824,0.12790242939929,0.108069724862139,0.125815807022828,0.10734253083829,0.0960098360126049,0.092977149841912,0.0768775277078578
"random_forest",664,"Travis","Marisha",0.0931984023248699,0.0947671149788031,0.106225793016772,0.0865605825302451,0.135092170835737,0.0598406175183364,0.108612942211953,0.100752763567807,0.103115629606603,0.111833983408874
"random_forest",665,"Laura","Marisha",0.103095531527982,0.096574688949992,0.115901126208385,0.104528273499168,0.129963293089644,0.0616593897997755,0.125930942688379,0.082830647229979,0.0743243068742017,0.105191800132494
"random_forest",672,"Matt","Marisha",0.0902414657282699,0.114313955536967,0.0905284893315683,0.119680884310126,0.135163140145182,0.0930029754941745,0.103549144506993,0.0898026707386806,0.0858110041090115,0.0779062700990288
"random_forest",677,"Laura","Marisha",0.0926950913249881,0.09400127127126,0.111283261191091,0.0816028902935276,0.133772971582896,0.0602089046449768,0.110449579262424,0.102364468007559,0.0990161262425688,0.114605436178708
"random_forest",678,"Travis","Marisha",0.0914243259844338,0.110968190058165,0.102343666605012,0.083267451987364,0.136652225058762,0.0628317980065182,0.114098382399618,0.0953393676381531,0.0885769547665741,0.114497637495401
"random_forest",681,"Matt","Marisha",0.0717841005669082,0.0932929681602217,0.0969970722141005,0.117267421537616,0.13689450190812,0.122048673594203,0.106896303662045,0.0933332968594896,0.0867190279728821,0.0747666335244155
"random_forest",683,"Laura","Marisha",0.0988577552315334,0.0970984010428606,0.111715559675109,0.0983713988443848,0.123016018179046,0.0602900286594134,0.109857889396965,0.100090211897279,0.0915862503297951,0.109116486743615
"random_forest",688,"Laura","Liam",0.0845870782563657,0.106434887550249,0.101671323041422,0.125874948267773,0.0974820425511634,0.0851512658666065,0.111791903923709,0.0933071433194174,0.108039106382844,0.0856603008404514
"random_forest",690,"Marisha","Marisha",0.0936656803540596,0.0954045512074159,0.106742806413788,0.085282620909768,0.134032014919351,0.059569164142316,0.109313121143715,0.101778447584905,0.103884714460732,0.11032687886395
"random_forest",692,"Matt","Marisha",0.0930191411287658,0.106022362405287,0.0938235860464537,0.0906661043482569,0.13437851424507,0.0710640384680065,0.110471719270242,0.0974124561126561,0.106702173002428,0.0964399049728345
"random_forest",693,"Sam","Marisha",0.0955793194572249,0.102250840000352,0.0881210282151414,0.0969873605733602,0.133434249344259,0.0808960905832769,0.109564625749882,0.0969967794361967,0.109738678567189,0.0864310280731193
"random_forest",696,"Travis","Marisha",0.0968537684599308,0.106149624556663,0.0908370650393419,0.108349885118085,0.131042133170497,0.0806552432919456,0.107055967546413,0.0951607141251896,0.0987549004505594,0.0851406982413759
"random_forest",700,"Travis","Marisha",0.0912645463401314,0.0998180706091069,0.089565682821157,0.103799614251163,0.129417138157777,0.0893427013324751,0.108803338796401,0.0972851248835213,0.104736477469806,0.0859673053384618
"random_forest",702,"Travis","Marisha",0.0900126605773918,0.105198777361493,0.0972670769135703,0.10757721360385,0.129309347306457,0.0701279625199029,0.111738817092565,0.096491707498099,0.0925705204841058,0.0997059166425663
